Fast Density Peaks clustering with kNN graph
infn:../ParCluster/dataset/uniform/10000.txt neighbors:10 clusters:2 data type:vec
clusters=2 knng_algo=0 knng_endc:0.010000 start_nndes:0.100000 data_type=1
time[start]=0.000000s
Reading ascii dataset file ../ParCluster/dataset/uniform/10000.txt
lines=10000
 -3.699910 93.824364
num_vectors=10000 D=2
Fast random pair divisive (RP-Div) construction of kNN graph v. 0.1
K=10 W=25 delta=0.010000 maxIterations=100 nndes_start=0.100000 data type 1, distance type:0
iter=0 time: time=0.005277s
RP-div update_count=141308 changes=141.307999%
iter=1 time: time=0.010607s
RP-div update_count=38506 changes=38.506001%
iter=2 time: time=0.014885s
RP-div update_count=12151 changes=12.151000%
iter=3 time: time=0.018615s
RP-div update_count=5238 changes=5.238000%
start nndes: time=0.022252s
  Build old_knn, new_knn : time=0.022702s
  START Local join: time=0.025993s
  END Local join: time=0.055840s
NNDES k=10 update_count_nndes=4708 changes=4.708000%
iter=4 time: time=0.056287s
RP-div update_count=122 changes=0.122000%
start nndes: time=0.059764s
  Build old_knn, new_knn : time=0.059994s
  START Local join: time=0.062968s
  END Local join: time=0.068242s
NNDES k=10 update_count_nndes=146 changes=0.146000%
Reached end condition: changes=0.268000% < 1.000000%, time=0.068749s
time=0.068750s
time[graph]=0.068750s
i:0 density:2.369682
i:1 density:2.627857
i:2 density:1.903594
i:3 density:2.244604
i:4 density:2.844353
i:5 density:1.815933
i:6 density:2.938044
i:7 density:2.627443
i:8 density:2.288568
i:9 density:1.866744
i:0 density:0.421998
i:1 density:0.380538
i:2 density:0.525322
i:3 density:0.445513
i:4 density:0.351574
i:5 density:0.550681
i:6 density:0.340363
i:7 density:0.380598
i:8 density:0.436955
i:9 density:0.535692
time[density]=0.073277s
Found deltas for 9472/10000 points among 10 neighbors
delta_in_knn=9472 delta_in_rev_knn=0 found_delta_total=9472 delta_not_found=528
time[delta_knn]=0.073437s
time[delta_bf]=0.110338s
time[deltadens]=0.110340s
time=0.110384s
First 2 peaks:4638 1830 
time[total]=0.112010s
total_time=0.112010s neighborhood_peaks=528 num_iter=100
NPEAKS_LIST[528]: 29 37 96 104 107 114 118 120 145 177 181 227 242 295 315 339 345 370 389 392 419 442 466 471 486 489 501 528 529 534 541 549 597 604 616 624 643 650 664 714 716 721 727 729 758 764 813 832 843 849 856 877 896 909 935 940 1011 1021 1032 1057 1071 1078 1082 1094 1101 1107 1140 1146 1173 1182 1184 1203 1205 1211 1222 1234 1239 1267 1277 1288 1307 1374 1375 1402 1431 1462 1463 1469 1476 1505 1529 1553 1577 1640 1700 1755 1774 1788 1800 1801 1814 1830 1831 1841 1874 1886 1909 1911 1916 1926 1978 1981 2032 2049 2051 2067 2099 2108 2121 2191 2194 2224 2227 2262 2290 2294 2307 2318 2330 2353 2384 2410 2443 2450 2462 2466 2483 2527 2540 2545 2598 2615 2630 2637 2654 2657 2671 2682 2700 2704 2715 2738 2830 2837 2841 2843 2870 2878 2923 2967 2985 2990 2995 2997 3022 3030 3042 3052 3058 3062 3078 3101 3112 3142 3158 3199 3200 3211 3232 3242 3262 3307 3344 3352 3371 3374 3405 3422 3428 3464 3479 3483 3499 3516 3533 3539 3541 3566 3568 3654 3668 3678 3683 3691 3718 3731 3773 3777 3793 3830 3853 3948 3966 3979 3984 3994 4050 4064 4091 4140 4198 4210 4218 4235 4236 4242 4264 4270 4291 4310 4338 4365 4375 4414 4514 4524 4563 4601 4611 4623 4638 4649 4652 4666 4723 4789 4809 4810 4825 4835 4856 4857 4860 4870 4880 4886 4902 4913 4927 4936 4956 4976 4988 4991 4999 5000 5012 5031 5036 5065 5135 5138 5213 5218 5227 5251 5252 5254 5277 5320 5385 5388 5394 5396 5434 5445 5458 5461 5483 5499 5509 5516 5550 5573 5588 5612 5635 5670 5736 5741 5746 5758 5796 5803 5830 5877 5894 5896 5908 5926 5958 5970 5985 5987 6031 6046 6051 6055 6059 6075 6079 6083 6095 6200 6250 6270 6304 6318 6335 6344 6346 6350 6356 6357 6370 6413 6467 6488 6493 6561 6572 6579 6584 6608 6620 6643 6669 6673 6678 6687 6708 6736 6816 6839 6854 6865 6914 6916 6933 6936 6964 6980 6989 6999 7002 7055 7063 7065 7066 7073 7121 7128 7129 7144 7151 7176 7182 7212 7214 7218 7262 7269 7297 7332 7351 7394 7409 7461 7466 7474 7490 7496 7507 7528 7588 7591 7598 7604 7611 7660 7663 7664 7677 7689 7704 7708 7740 7743 7771 7774 7803 7809 7845 7849 7851 7869 7888 7892 7910 7940 7958 7959 7977 8001 8007 8040 8046 8064 8109 8139 8211 8238 8243 8244 8245 8249 8265 8269 8275 8281 8317 8376 8392 8398 8405 8411 8414 8435 8438 8456 8458 8459 8472 8477 8534 8535 8554 8576 8583 8604 8684 8685 8693 8704 8726 8731 8737 8751 8801 8814 8849 8851 8872 8882 8888 8889 8904 8917 8927 8938 8962 8991 9008 9038 9094 9108 9129 9137 9230 9240 9280 9319 9330 9359 9399 9438 9462 9477 9496 9499 9501 9502 9515 9525 9555 9568 9588 9602 9630 9652 9663 9675 9683 9716 9746 9779 9803 9840 9861 9924 9932 9937 9945 9952 9971 9981 9996 9997 
END
